acc-p0: 0.8732894736842105 +- 0
acc-all-p: 0.8732894736842105 +- 0
